 0.00000E+000 0.00000E+000 9.81748E-002 1.96350E-001 2.94524E-001 3.92699E-001 4.90874E-001 5.89049E-001 6.87223E-001 7.85398E-001 8.83573E-001 9.81748E-001 1.07992E+000 1.17810E+000 1.27627E+000 1.37445E+000 1.47262E+000 1.57080E+000 1.66897E+000 1.76715E+000 1.86532E+000 1.96350E+000 2.06167E+000 2.15984E+000 2.25802E+000 2.35619E+000 2.45437E+000 2.55254E+000 2.65072E+000 2.74889E+000 2.84707E+000 2.94524E+000 3.04342E+000 3.14159E+000
 0.00000E+000 5.52218E+000 7.93251E+000 5.65367E+000 5.13981E+000 5.11513E+000 5.44491E+000 5.12941E+000 5.79405E+000 5.55343E+000 5.59170E+000 5.87765E+000 6.28796E+000 5.51615E+000 5.75253E+000 6.15727E+000 6.00192E+000 5.51615E+000 5.08454E+000 5.28982E+000 5.08953E+000 5.12568E+000 6.32419E+000 8.00000E+000 6.58405E+000 6.09553E+000 5.41244E+000 6.32419E+000 5.19078E+000 5.13981E+000 5.08953E+000 5.08953E+000 5.79405E+000 6.28796E+000
 1.96350E-001 5.51994E+000 7.92998E+000 5.64415E+000 5.33013E+000 5.17925E+000 5.87979E+000 5.18625E+000 6.54027E+000 6.07803E+000 6.14927E+000 6.71002E+000 7.63467E+000 6.00933E+000 6.45787E+000 7.32131E+000 6.97276E+000 6.00933E+000 5.19148E+000 5.60310E+000 5.21711E+000 5.30202E+000 6.29828E+000 8.00000E+000 6.55699E+000 6.07260E+000 5.41847E+000 6.29828E+000 5.22794E+000 5.33013E+000 5.21711E+000 5.21711E+000 6.54027E+000 7.63467E+000
 3.92699E-001 5.52058E+000 7.93119E+000 5.64836E+000 5.23136E+000 5.14671E+000 5.64296E+000 5.15741E+000 6.11282E+000 5.78782E+000 5.83912E+000 6.22733E+000 6.80327E+000 5.73796E+000 6.05628E+000 6.61719E+000 6.39925E+000 5.73796E+000 5.13691E+000 5.43636E+000 5.15176E+000 5.21078E+000 6.31054E+000 8.00000E+000 6.56984E+000 6.08339E+000 5.41504E+000 6.31054E+000 5.20903E+000 5.23136E+000 5.15176E+000 5.15176E+000 6.11282E+000 6.80327E+000
 5.89049E-001 5.53485E+000 7.93702E+000 5.67793E+000 4.91137E+000 5.03123E+000 5.01968E+000 5.05528E+000 5.20026E+000 5.07265E+000 5.09211E+000 5.24711E+000 5.49256E+000 5.05405E+000 5.17743E+000 5.41169E+000 5.31881E+000 5.05405E+000 4.94673E+000 4.95243E+000 4.92768E+000 4.91131E+000 6.37434E+000 8.00000E+000 6.63538E+000 6.14121E+000 5.41213E+000 6.37434E+000 5.14404E+000 4.91137E+000 4.92768E+000 4.92768E+000 5.20026E+000 5.49256E+000
 7.85398E-001 5.62516E+000 7.94910E+000 5.79178E+000 4.65383E+000 4.94914E+000 4.62525E+000 4.98835E+000 4.75367E+000 4.65487E+000 4.66780E+000 4.79674E+000 5.06676E+000 4.64345E+000 4.73385E+000 4.97015E+000 4.86828E+000 4.64345E+000 4.78929E+000 4.60779E+000 4.74075E+000 4.66746E+000 6.53570E+000 8.00000E+000 6.79351E+000 6.29672E+000 5.47650E+000 6.53570E+000 5.12234E+000 4.65383E+000 4.74075E+000 4.74075E+000 4.75367E+000 5.06676E+000
 9.81748E-001 5.52085E+000 7.93148E+000 5.64945E+000 5.21022E+000 5.13954E+000 5.59553E+000 5.15105E+000 6.03360E+000 5.73104E+000 5.77894E+000 6.13966E+000 6.66821E+000 5.68444E+000 5.98113E+000 6.49835E+000 6.29829E+000 5.68444E+000 5.12497E+000 5.40187E+000 5.13752E+000 5.19117E+000 6.31347E+000 8.00000E+000 6.57291E+000 6.08598E+000 5.41438E+000 6.31347E+000 5.20487E+000 5.21022E+000 5.13752E+000 5.13752E+000 6.03360E+000 6.66821E+000
 1.17810E+000 5.61588E+000 7.94824E+000 5.78116E+000 4.66147E+000 4.94927E+000 4.63614E+000 4.98772E+000 4.76313E+000 4.66571E+000 4.67853E+000 4.80535E+000 5.06804E+000 4.65435E+000 4.74367E+000 4.97440E+000 4.87526E+000 4.65435E+000 4.79296E+000 4.61794E+000 4.74569E+000 4.67461E+000 6.52281E+000 8.00000E+000 6.78120E+000 6.28392E+000 5.46872E+000 6.52281E+000 5.11935E+000 4.66147E+000 4.74569E+000 4.74569E+000 4.76313E+000 5.06804E+000
 1.37445E+000 5.52713E+000 7.93476E+000 5.66462E+000 5.01149E+000 5.06874E+000 5.19549E+000 5.08833E+000 5.43243E+000 5.26789E+000 5.29375E+000 5.49051E+000 5.78110E+000 5.24285E+000 5.40374E+000 5.68755E+000 5.57756E+000 5.24285E+000 5.00831E+000 5.09578E+000 4.99972E+000 5.00561E+000 6.34863E+000 8.00000E+000 6.60923E+000 6.11760E+000 5.41063E+000 6.34863E+000 5.16445E+000 5.01149E+000 4.99972E+000 4.99972E+000 5.43243E+000 5.78110E+000
 1.57080E+000 5.52005E+000 7.93035E+000 5.64535E+000 5.29872E+000 5.16908E+000 5.80157E+000 5.17723E+000 6.39275E+000 5.98091E+000 6.04499E+000 6.54153E+000 7.32553E+000 5.91893E+000 6.32004E+000 7.06508E+000 6.76898E+000 5.91893E+000 5.17434E+000 5.54904E+000 5.19653E+000 5.27307E+000 6.30194E+000 8.00000E+000 6.56084E+000 6.07581E+000 5.41733E+000 6.30194E+000 5.22202E+000 5.29872E+000 5.19653E+000 5.19653E+000 6.39275E+000 7.32553E+000
 1.76715E+000 5.53048E+000 7.93584E+000 5.67070E+000 4.96049E+000 5.04973E+000 5.10408E+000 5.07155E+000 5.30951E+000 5.16577E+000 5.18807E+000 5.36113E+000 5.62483E+000 5.14430E+000 5.28416E+000 5.53902E+000 5.43923E+000 5.14430E+000 4.97715E+000 5.02194E+000 4.96322E+000 4.95764E+000 6.36079E+000 8.00000E+000 6.62163E+000 6.12871E+000 5.41094E+000 6.36079E+000 5.15396E+000 4.96049E+000 4.96322E+000 4.96322E+000 5.30951E+000 5.62483E+000
 1.96350E+000 5.57756E+000 7.94411E+000 5.73568E+000 4.71736E+000 4.96138E+000 4.71635E+000 4.99563E+000 4.84301E+000 4.74782E+000 4.76085E+000 4.88261E+000 5.11824E+000 4.73604E+000 4.82450E+000 5.03595E+000 4.94689E+000 4.73604E+000 4.82504E+000 4.69100E+000 4.78514E+000 4.72746E+000 6.46397E+000 8.00000E+000 6.72436E+000 6.22623E+000 5.43828E+000 6.46397E+000 5.11442E+000 4.71736E+000 4.78514E+000 4.78514E+000 4.84301E+000 5.11824E+000
 2.15984E+000 5.55568E+000 7.94106E+000 5.70776E+000 4.78279E+000 4.98329E+000 4.81380E+000 5.01372E+000 4.95093E+000 4.85029E+000 4.86467E+000 4.99090E+000 5.21802E+000 4.83700E+000 4.93196E+000 5.14031E+000 5.05440E+000 4.83700E+000 4.86584E+000 4.77715E+000 4.83326E+000 4.78957E+000 6.42367E+000 8.00000E+000 6.68474E+000 6.18753E+000 5.42303E+000 6.42367E+000 5.12107E+000 4.78279E+000 4.83326E+000 4.83326E+000 4.95093E+000 5.21802E+000
 2.35619E+000 5.54040E+000 7.93828E+000 5.68643E+000 4.86497E+000 5.01371E+000 4.94300E+000 5.03996E+000 5.10447E+000 4.98901E+000 5.00627E+000 5.14796E+000 5.38206E+000 4.97268E+000 5.08347E+000 5.30391E+000 5.21533E+000 4.97268E+000 4.91768E+000 4.88813E+000 4.89380E+000 4.86745E+000 6.38933E+000 8.00000E+000 6.65049E+000 6.15515E+000 5.41442E+000 6.38933E+000 5.13504E+000 4.86497E+000 4.89380E+000 4.89380E+000 5.10447E+000 5.38206E+000
 2.55254E+000 5.52000E+000 7.93021E+000 5.64490E+000 5.31031E+000 5.17285E+000 5.83010E+000 5.18058E+000 6.44577E+000 6.01618E+000 6.08280E+000 6.60185E+000 7.43359E+000 5.95181E+000 6.36967E+000 7.15541E+000 6.84146E+000 5.95181E+000 5.18069E+000 5.56887E+000 5.20414E+000 5.28376E+000 6.30057E+000 8.00000E+000 6.55940E+000 6.07460E+000 5.41775E+000 6.30057E+000 5.22422E+000 5.31031E+000 5.20414E+000 5.20414E+000 6.44577E+000 7.43359E+000
 2.74889E+000 5.65641E+000 7.95171E+000 5.82686E+000 4.63798E+000 4.95366E+000 4.60216E+000 4.99501E+000 4.73702E+000 4.63263E+000 4.64612E+000 4.78321E+000 5.07894E+000 4.62079E+000 4.71588E+000 4.97199E+000 4.86058E+000 4.62079E+000 4.78401E+000 4.58582E+000 4.73205E+000 4.65286E+000 6.57653E+000 8.00000E+000 6.83219E+000 6.33766E+000 5.50350E+000 6.57653E+000 5.13566E+000 4.63798E+000 4.73205E+000 4.73205E+000 4.73702E+000 5.07894E+000
 2.94524E+000 5.52869E+000 7.93529E+000 5.66752E+000 4.98582E+000 5.05920E+000 5.14897E+000 5.07991E+000 5.36927E+000 5.21576E+000 5.23974E+000 5.42389E+000 5.69983E+000 5.19259E+000 5.34236E+000 5.61055E+000 5.50611E+000 5.19259E+000 4.99268E+000 5.05839E+000 4.98140E+000 4.98147E+000 6.35454E+000 8.00000E+000 6.61526E+000 6.12298E+000 5.41069E+000 6.35454E+000 5.15916E+000 4.98582E+000 4.98140E+000 4.98140E+000 5.36927E+000 5.69983E+000
 3.14159E+000 5.53485E+000 7.93702E+000 5.67793E+000 4.91137E+000 5.03123E+000 5.01968E+000 5.05528E+000 5.20026E+000 5.07265E+000 5.09211E+000 5.24711E+000 5.49256E+000 5.05405E+000 5.17743E+000 5.41169E+000 5.31881E+000 5.05405E+000 4.94673E+000 4.95243E+000 4.92768E+000 4.91131E+000 6.37434E+000 8.00000E+000 6.63538E+000 6.14121E+000 5.41213E+000 6.37434E+000 5.14404E+000 4.91137E+000 4.92768E+000 4.92768E+000 5.20026E+000 5.49256E+000
 3.33794E+000 5.52713E+000 7.93476E+000 5.66462E+000 5.01149E+000 5.06874E+000 5.19549E+000 5.08833E+000 5.43243E+000 5.26789E+000 5.29375E+000 5.49051E+000 5.78110E+000 5.24285E+000 5.40374E+000 5.68755E+000 5.57756E+000 5.24285E+000 5.00831E+000 5.09578E+000 4.99972E+000 5.00561E+000 6.34863E+000 8.00000E+000 6.60923E+000 6.11760E+000 5.41063E+000 6.34863E+000 5.16445E+000 5.01149E+000 4.99972E+000 4.99972E+000 5.43243E+000 5.78110E+000
 3.53429E+000 5.52367E+000 7.93333E+000 5.65740E+000 5.08916E+000 5.09710E+000 5.34288E+000 5.11343E+000 5.64122E+000 5.43538E+000 5.46808E+000 5.71285E+000 6.06477E+000 5.40357E+000 5.60567E+000 5.95259E+000 5.81936E+000 5.40357E+000 5.05484E+000 5.21174E+000 5.05444E+000 5.07840E+000 6.33297E+000 8.00000E+000 6.59313E+000 6.10341E+000 5.41139E+000 6.33297E+000 5.18045E+000 5.08916E+000 5.05444E+000 5.05444E+000 5.64122E+000 6.06477E+000
 3.73064E+000 5.51995E+000 7.93003E+000 5.64430E+000 5.32611E+000 5.17795E+000 5.86963E+000 5.18510E+000 6.52072E+000 6.06534E+000 6.13561E+000 6.68757E+000 7.59213E+000 5.99754E+000 6.43965E+000 7.28644E+000 6.94537E+000 5.99754E+000 5.18930E+000 5.59613E+000 5.21449E+000 5.29832E+000 6.29874E+000 8.00000E+000 6.55747E+000 6.07300E+000 5.41832E+000 6.29874E+000 5.22719E+000 5.32611E+000 5.21449E+000 5.21449E+000 6.52072E+000 7.59213E+000
 3.92699E+000 5.52013E+000 7.93051E+000 5.64592E+000 5.28486E+000 5.16454E+000 5.76794E+000 5.17321E+000 6.33135E+000 5.93955E+000 6.00073E+000 6.47200E+000 7.20431E+000 5.88031E+000 6.26243E+000 6.96279E+000 6.68604E+000 5.88031E+000 5.16672E+000 5.52549E+000 5.18739E+000 5.26028E+000 6.30363E+000 8.00000E+000 6.56261E+000 6.07729E+000 5.41684E+000 6.30363E+000 5.21938E+000 5.28486E+000 5.18739E+000 5.18739E+000 6.33135E+000 7.20431E+000
 4.12334E+000 5.56049E+000 7.94180E+000 5.71409E+000 4.76478E+000 4.97692E+000 4.78651E+000 5.00834E+000 4.91992E+000 4.82139E+000 4.83531E+000 4.95954E+000 5.18753E+000 4.80860E+000 4.90119E+000 5.10909E+000 5.02287E+000 4.80860E+000 4.85450E+000 4.75326E+000 4.81996E+000 4.77247E+000 6.43318E+000 8.00000E+000 6.69414E+000 6.19660E+000 5.42616E+000 6.43318E+000 5.11864E+000 4.76478E+000 4.81996E+000 4.81996E+000 4.91992E+000 5.18753E+000
 4.31969E+000 5.53253E+000 7.93642E+000 5.67416E+000 4.93564E+000 5.04039E+000 5.06095E+000 5.06333E+000 5.25318E+000 5.11804E+000 5.13884E+000 5.30222E+000 5.55583E+000 5.09809E+000 5.22918E+000 5.47280E+000 5.37683E+000 5.09809E+000 4.96180E+000 4.98658E+000 4.94529E+000 4.93421E+000 6.36739E+000 8.00000E+000 6.62834E+000 6.13479E+000 5.41141E+000 6.36739E+000 5.14891E+000 4.93564E+000 4.94529E+000 4.94529E+000 5.25318E+000 5.55583E+000
 4.51604E+000 5.59133E+000 7.94573E+000 5.75239E+000 4.69148E+000 4.95433E+000 4.67895E+000 4.99034E+000 4.80424E+000 4.70918E+000 4.72196E+000 4.84453E+000 5.08900E+000 4.69773E+000 4.78553E+000 5.00287E+000 4.91052E+000 4.69773E+000 4.80953E+000 4.65724E+000 4.76646E+000 4.70293E+000 6.48638E+000 8.00000E+000 6.74614E+000 6.24805E+000 5.44883E+000 6.48638E+000 5.11447E+000 4.69148E+000 4.76646E+000 4.76646E+000 4.80424E+000 5.08900E+000
 4.71239E+000 6.40134E+000 7.97976E+000 6.57226E+000 5.16446E+000 5.58472E+000 5.15388E+000 5.63769E+000 5.48915E+000 5.22640E+000 5.25861E+000 5.61848E+000 6.79274E+000 5.19833E+000 5.43297E+000 6.27600E+000 5.85914E+000 5.19833E+000 5.36156E+000 5.10438E+000 5.29157E+000 5.18439E+000 7.20696E+000 8.00000E+000 7.38431E+000 7.02426E+000 6.23904E+000 7.20696E+000 5.81341E+000 5.16446E+000 5.29157E+000 5.29157E+000 5.48915E+000 6.79274E+000
 4.90874E+000 6.45679E+000 7.98089E+000 6.62467E+000 5.22683E+000 5.64725E+000 5.21946E+000 5.70009E+000 5.56850E+000 5.29473E+000 5.32817E+000 5.70421E+000 6.97447E+000 5.26560E+000 5.50976E+000 6.40615E+000 5.95870E+000 5.26560E+000 5.42419E+000 5.16757E+000 5.35411E+000 5.24677E+000 7.24248E+000 8.00000E+000 7.41337E+000 7.06560E+000 6.29683E+000 7.24248E+000 5.87508E+000 5.22683E+000 5.35411E+000 5.35411E+000 5.56850E+000 6.97447E+000
 5.10509E+000 6.13087E+000 7.97311E+000 6.31201E+000 4.89426E+000 5.30328E+000 4.86883E+000 5.35540E+000 5.13460E+000 4.92710E+000 4.95296E+000 5.23323E+000 6.01502E+000 4.90451E+000 5.09100E+000 5.69597E+000 5.41012E+000 4.90451E+000 5.08546E+000 4.83155E+000 5.01760E+000 4.91370E+000 7.01766E+000 8.00000E+000 7.22608E+000 6.80853E+000 5.96173E+000 7.01766E+000 5.52965E+000 4.89426E+000 5.01760E+000 5.01760E+000 5.13460E+000 6.01502E+000
 5.30144E+000 5.99698E+000 7.96886E+000 6.17991E+000 4.78298E+000 5.17977E+000 4.75033E+000 5.23052E+000 4.97993E+000 4.80089E+000 4.82338E+000 5.06359E+000 5.68766E+000 4.78126E+000 4.94262E+000 5.44161E+000 5.21098E+000 4.78126E+000 4.96835E+000 4.71969E+000 4.90264E+000 4.80191E+000 6.91183E+000 8.00000E+000 7.13504E+000 6.69134E+000 5.82768E+000 6.91183E+000 5.40078E+000 4.78298E+000 4.90264E+000 4.90264E+000 4.97993E+000 5.68766E+000
 5.49779E+000 6.46321E+000 7.98102E+000 6.63072E+000 5.23420E+000 5.65459E+000 5.22722E+000 5.70741E+000 5.57784E+000 5.30280E+000 5.33638E+000 5.71429E+000 6.99606E+000 5.27354E+000 5.51880E+000 6.42148E+000 5.97040E+000 5.27354E+000 5.43157E+000 5.17505E+000 5.36149E+000 5.25415E+000 7.24653E+000 8.00000E+000 7.41667E+000 7.07033E+000 6.30354E+000 7.24653E+000 5.88230E+000 5.23420E+000 5.36149E+000 5.36149E+000 5.57784E+000 6.99606E+000
 5.69414E+000 6.24077E+000 7.97607E+000 6.41873E+000 4.99720E+000 5.41283E+000 4.97774E+000 5.46559E+000 5.27227E+000 5.04200E+000 5.07051E+000 5.38329E+000 6.31109E+000 5.01711E+000 5.22355E+000 5.92107E+000 5.58539E+000 5.01711E+000 5.19169E+000 4.93533E+000 5.12263E+000 5.01692E+000 7.09807E+000 8.00000E+000 7.29399E+000 6.89923E+000 6.07345E+000 7.09807E+000 5.64143E+000 4.99720E+000 5.12263E+000 5.12263E+000 5.27227E+000 6.31109E+000
 5.89049E+000 5.72036E+000 7.95615E+000 5.89628E+000 4.63472E+000 4.97827E+000 4.59339E+000 5.02271E+000 4.74493E+000 4.62704E+000 4.64209E+000 4.79797E+000 5.14904E+000 4.61390E+000 4.72082E+000 5.01978E+000 4.88791E+000 4.61390E+000 4.79474E+000 4.57612E+000 4.73808E+000 4.65116E+000 6.65145E+000 8.00000E+000 6.90201E+000 6.41412E+000 5.56121E+000 6.65145E+000 5.17313E+000 4.63472E+000 4.73808E+000 4.73808E+000 4.74493E+000 5.14904E+000
 6.08684E+000 5.97534E+000 7.96809E+000 6.15831E+000 4.76668E+000 5.16098E+000 4.73290E+000 5.21144E+000 4.95652E+000 4.78217E+000 4.80409E+000 5.03778E+000 5.63815E+000 4.76303E+000 4.92024E+000 5.40273E+000 5.18052E+000 4.76303E+000 4.95089E+000 4.70337E+000 4.88561E+000 4.78551E+000 6.89377E+000 8.00000E+000 7.11930E+000 6.67159E+000 5.80625E+000 6.89377E+000 5.38081E+000 4.76668E+000 4.88561E+000 4.88561E+000 4.95652E+000 5.63815E+000
 6.28319E+000 6.32066E+000 7.97799E+000 6.49546E+000 5.07795E+000 5.49664E+000 5.06287E+000 5.54961E+000 5.37784E+000 5.13130E+000 5.16167E+000 5.49794E+000 6.54293E+000 5.10480E+000 5.32540E+000 6.09370E+000 5.71896E+000 5.10480E+000 5.27407E+000 5.01688E+000 5.20443E+000 5.09781E+000 7.15343E+000 8.00000E+000 7.34014E+000 6.96247E+000 6.15550E+000 7.15343E+000 5.72575E+000 5.07795E+000 5.20443E+000 5.20443E+000 5.37784E+000 6.54293E+000
