 0.00000E+000 0.00000E+000 9.81748E-002 1.96350E-001 2.94524E-001 3.92699E-001 4.90874E-001 5.89049E-001 6.87223E-001 7.85398E-001 8.83573E-001 9.81748E-001 1.07992E+000 1.17810E+000 1.27627E+000 1.37445E+000 1.47262E+000 1.57080E+000 1.66897E+000 1.76715E+000 1.86532E+000 1.96350E+000 2.06167E+000 2.15984E+000 2.25802E+000 2.35619E+000 2.45437E+000 2.55254E+000 2.65072E+000 2.74889E+000 2.84707E+000 2.94524E+000 3.04342E+000 3.14159E+000
 0.00000E+000 7.48926E+000 7.32906E+000 6.97341E+000 6.49733E+000 5.97582E+000 5.48391E+000 5.09659E+000 4.88887E+000 4.90682E+000 5.10805E+000 5.43331E+000 5.82335E+000 6.21892E+000 6.56078E+000 6.80228E+000 6.94345E+000 6.99513E+000 6.95471E+000 6.76935E+000 6.44549E+000 6.05925E+000 5.68954E+000 5.41527E+000 5.30696E+000 5.36377E+000 5.54886E+000 5.82512E+000 6.15546E+000 6.50275E+000 6.82989E+000 7.09978E+000 7.27530E+000 7.31934E+000
 1.96350E-001 7.48926E+000 7.33433E+000 6.98153E+000 6.50422E+000 5.97574E+000 5.46944E+000 5.05866E+000 4.81675E+000 4.78943E+000 4.93809E+000 5.20800E+000 5.54445E+000 5.89272E+000 6.19810E+000 6.41684E+000 6.54582E+000 6.59133E+000 6.54899E+000 6.37480E+000 6.07860E+000 5.73206E+000 5.40931E+000 5.18448E+000 5.12362E+000 5.22399E+000 5.44819E+000 5.75853E+000 6.11732E+000 6.48690E+000 6.82957E+000 7.10765E+000 7.28347E+000 7.31934E+000
 3.92699E-001 7.48926E+000 7.34327E+000 6.99974E+000 6.52708E+000 5.99373E+000 5.46811E+000 5.01863E+000 4.71370E+000 4.59752E+000 4.64022E+000 4.79782E+000 5.02635E+000 5.28181E+000 5.52023E+000 5.70428E+000 5.82120E+000 5.86395E+000 5.82074E+000 5.66319E+000 5.40860E+000 5.12257E+000 4.87266E+000 4.72640E+000 4.74364E+000 4.91863E+000 5.21257E+000 5.58639E+000 6.00103E+000 6.41743E+000 6.79653E+000 7.09925E+000 7.28654E+000 7.31934E+000
 5.89049E-001 7.48926E+000 7.35512E+000 7.02715E+000 6.56793E+000 6.04006E+000 5.50615E+000 5.02879E+000 4.67058E+000 4.47372E+000 4.41815E+000 4.47193E+000 4.60312E+000 4.77977E+000 4.96995E+000 5.14245E+000 5.26881E+000 5.32118E+000 5.27514E+000 5.12148E+000 4.88909E+000 4.64008E+000 4.43792E+000 4.34606E+000 4.42041E+000 4.65279E+000 5.00269E+000 5.42937E+000 5.89207E+000 6.35002E+000 6.76248E+000 7.08869E+000 7.28790E+000 7.31934E+000
 7.85398E-001 7.48926E+000 7.36900E+000 7.06212E+000 6.62649E+000 6.12000E+000 5.60053E+000 5.12596E+000 4.75417E+000 4.52567E+000 4.42788E+000 4.43814E+000 4.53375E+000 4.69203E+000 4.89030E+000 5.10020E+000 5.27238E+000 5.35261E+000 5.29945E+000 5.12350E+000 4.86901E+000 4.60024E+000 4.38226E+000 4.28015E+000 4.35118E+000 4.58663E+000 4.94441E+000 5.38221E+000 5.85771E+000 6.32857E+000 6.75249E+000 7.08714E+000 7.29020E+000 7.31934E+000
 9.81748E-001 7.48926E+000 7.38341E+000 7.09964E+000 6.69264E+000 6.21712E+000 5.72778E+000 5.27933E+000 4.92646E+000 4.70846E+000 4.61756E+000 4.63700E+000 4.75002E+000 4.93987E+000 5.18978E+000 5.47126E+000 5.71232E+000 5.83090E+000 5.76710E+000 5.55013E+000 5.24110E+000 4.91044E+000 4.62898E+000 4.46753E+000 4.48863E+000 4.68445E+000 5.01167E+000 5.42669E+000 5.88591E+000 6.34575E+000 6.76261E+000 7.09289E+000 7.29300E+000 7.31934E+000
 1.17810E+000 7.48926E+000 7.39669E+000 7.13376E+000 6.75353E+000 6.30906E+000 5.85342E+000 5.43967E+000 5.12087E+000 4.93568E+000 4.87874E+000 4.93631E+000 5.09463E+000 5.33997E+000 5.65857E+000 6.02000E+000 6.33198E+000 6.48793E+000 6.41159E+000 6.14803E+000 5.77389E+000 5.36694E+000 5.00503E+000 4.76599E+000 4.71880E+000 4.85722E+000 5.13705E+000 5.51383E+000 5.94306E+000 6.38028E+000 6.78099E+000 7.10073E+000 7.29500E+000 7.31934E+000
 1.37445E+000 7.48926E+000 7.40718E+000 7.15854E+000 6.79632E+000 6.37347E+000 5.94297E+000 5.55777E+000 5.27084E+000 5.12088E+000 5.10295E+000 5.20382E+000 5.41025E+000 5.70900E+000 6.08684E+000 6.51078E+000 6.87471E+000 7.05560E+000 6.96640E+000 6.66384E+000 6.23588E+000 5.76597E+000 5.33735E+000 5.03328E+000 4.92774E+000 5.01588E+000 5.25315E+000 5.59466E+000 5.99552E+000 6.41086E+000 6.79579E+000 7.10543E+000 7.29491E+000 7.31934E+000
 1.57080E+000 7.48926E+000 7.41322E+000 7.16806E+000 6.80818E+000 6.38801E+000 5.96195E+000 5.58442E+000 5.30981E+000 5.17762E+000 5.18173E+000 5.30731E+000 5.53955E+000 5.86364E+000 6.26475E+000 6.70796E+000 7.08386E+000 7.26580E+000 7.16505E+000 6.84420E+000 6.39561E+000 5.90377E+000 5.45290E+000 5.12718E+000 5.00149E+000 5.07141E+000 5.29255E+000 5.62019E+000 6.00965E+000 6.41620E+000 6.79515E+000 7.10180E+000 7.29143E+000 7.31934E+000
 1.76715E+000 7.48926E+000 7.41383E+000 7.15892E+000 6.78180E+000 6.33974E+000 5.89001E+000 5.48988E+000 5.19662E+000 5.05126E+000 5.04524E+000 5.16055E+000 5.37918E+000 5.68312E+000 6.05435E+000 6.45748E+000 6.79272E+000 6.94541E+000 6.83620E+000 6.52665E+000 6.10465E+000 5.64953E+000 5.24023E+000 4.95571E+000 4.86603E+000 4.96569E+000 5.21106E+000 5.55823E+000 5.96326E+000 6.38225E+000 6.77127E+000 7.08640E+000 7.28373E+000 7.31934E+000
 1.96350E+000 7.48926E+000 7.41073E+000 7.13800E+000 6.73192E+000 6.25339E+000 5.76327E+000 5.32244E+000 4.99176E+000 4.81422E+000 4.77810E+000 4.86126E+000 5.04159E+000 5.29694E+000 5.60517E+000 5.93152E+000 6.19439E+000 6.30134E+000 6.18929E+000 5.91220E+000 5.54694E+000 5.16419E+000 4.83437E+000 4.62790E+000 4.60703E+000 4.76439E+000 5.05749E+000 5.44360E+000 5.87996E+000 6.32382E+000 6.73243E+000 7.06306E+000 7.27294E+000 7.31934E+000
 2.15984E+000 7.48926E+000 7.40634E+000 7.11473E+000 6.67884E+000 6.16312E+000 5.63198E+000 5.14985E+000 4.78115E+000 4.57072E+000 4.50353E+000 4.55316E+000 4.69317E+000 4.89714E+000 5.13862E+000 5.38386E+000 5.57190E+000 5.63548E+000 5.52891E+000 5.29278E+000 4.98947E+000 4.68165E+000 4.43196E+000 4.30307E+000 4.35009E+000 4.56409E+000 4.90386E+000 5.32791E+000 5.79477E+000 6.26294E+000 6.69097E+000 7.03736E+000 7.26064E+000 7.31934E+000
 2.35619E+000 7.48926E+000 7.40306E+000 7.09854E+000 6.64284E+000 6.10308E+000 5.54639E+000 5.03989E+000 4.65070E+000 4.42498E+000 4.34478E+000 4.37995E+000 4.50033E+000 4.67577E+000 4.87611E+000 5.06827E+000 5.20829E+000 5.24972E+000 5.15968E+000 4.96028E+000 4.69924E+000 4.43580E+000 4.22965E+000 4.14049E+000 4.22078E+000 4.46140E+000 4.82219E+000 5.26277E+000 5.74273E+000 6.22167E+000 6.65920E+000 7.01492E+000 7.24843E+000 7.31934E+000
 2.55254E+000 7.48926E+000 7.40318E+000 7.09846E+000 6.64330E+000 6.10591E+000 5.55450E+000 5.05727E+000 4.68243E+000 4.47644E+000 4.41938E+000 4.47867E+000 4.62172E+000 4.81596E+000 5.02878E+000 5.22681E+000 5.37359E+000 5.43202E+000 5.37197E+000 5.19284E+000 4.93056E+000 4.64938E+000 4.41469E+000 4.29188E+000 4.33872E+000 4.54830E+000 4.88111E+000 5.29735E+000 5.75725E+000 6.22104E+000 6.64891E+000 7.00111E+000 7.23785E+000 7.31934E+000
 2.74889E+000 7.48926E+000 7.40629E+000 7.11288E+000 6.67675E+000 6.16557E+000 5.64706E+000 5.18891E+000 4.85882E+000 4.70264E+000 4.69950E+000 4.81578E+000 5.01789E+000 5.27222E+000 5.54517E+000 5.80212E+000 6.00471E+000 6.11368E+000 6.09227E+000 5.91598E+000 5.61297E+000 5.25953E+000 4.93388E+000 4.71425E+000 4.67031E+000 4.79932E+000 5.06200E+000 5.41877E+000 5.83006E+000 6.25630E+000 6.65792E+000 6.99534E+000 7.22901E+000 7.31934E+000
 2.94524E+000 7.48926E+000 7.40909E+000 7.12900E+000 6.71549E+000 6.23504E+000 5.75414E+000 5.33927E+000 5.05691E+000 4.95194E+000 5.00320E+000 5.17694E+000 5.43941E+000 5.75686E+000 6.09553E+000 6.41961E+000 6.68556E+000 6.84807E+000 6.86144E+000 6.68159E+000 6.33191E+000 5.90080E+000 5.47928E+000 5.15837E+000 5.01963E+000 5.06448E+000 5.25385E+000 5.54837E+000 5.90869E+000 6.29543E+000 6.66923E+000 6.99072E+000 7.22055E+000 7.31934E+000
 3.14159E+000 7.48926E+000 7.40813E+000 7.13343E+000 6.73066E+000 6.26531E+000 5.80287E+000 5.40882E+000 5.14865E+000 5.06648E+000 5.14117E+000 5.33912E+000 5.62676E+000 5.97050E+000 6.33673E+000 6.68938E+000 6.98310E+000 7.17038E+000 7.20179E+000 7.02359E+000 6.65624E+000 6.19315E+000 5.73065E+000 5.36507E+000 5.18295E+000 5.18779E+000 5.34117E+000 5.60433E+000 5.93855E+000 6.30507E+000 6.66515E+000 6.98005E+000 7.21103E+000 7.31934E+000
 3.33794E+000 7.48926E+000 7.40121E+000 7.11752E+000 6.70350E+000 6.22448E+000 5.74580E+000 5.33276E+000 5.05070E+000 4.94362E+000 4.99043E+000 5.15762E+000 5.41170E+000 5.71915E+000 6.04646E+000 6.35884E+000 6.61670E+000 6.77935E+000 6.80360E+000 6.63970E+000 6.30632E+000 5.89005E+000 5.48024E+000 5.16621E+000 5.02811E+000 5.06815E+000 5.24919E+000 5.53378E+000 5.88448E+000 6.26386E+000 6.63447E+000 6.95888E+000 7.19965E+000 7.31934E+000
 3.53429E+000 7.48926E+000 7.39111E+000 7.09141E+000 6.65557E+000 6.14897E+000 5.63702E+000 5.18511E+000 4.85861E+000 4.70169E+000 4.69356E+000 4.80105E+000 4.99102E+000 5.23029E+000 5.48572E+000 5.72456E+000 5.91559E+000 6.02795E+000 6.02918E+000 5.88301E+000 5.60844E+000 5.27894E+000 4.97016E+000 4.75776E+000 4.70934E+000 4.82392E+000 5.06594E+000 5.39958E+000 5.78901E+000 6.19843E+000 6.59199E+000 6.93387E+000 7.18827E+000 7.31934E+000
 3.73064E+000 7.48926E+000 7.38181E+000 7.06997E+000 6.61853E+000 6.09229E+000 5.55603E+000 5.07456E+000 4.71267E+000 4.51427E+000 4.45950E+000 4.51635E+000 4.65279E+000 4.83679E+000 5.03635E+000 5.22038E+000 5.36141E+000 5.43274E+000 5.40882E+000 5.27044E+000 5.04042E+000 4.78076E+000 4.55501E+000 4.42674E+000 4.45244E+000 4.62830E+000 4.92015E+000 5.29356E+000 5.71411E+000 6.14739E+000 6.55897E+000 6.91444E+000 7.17937E+000 7.31934E+000
 3.92699E+000 7.48926E+000 7.37648E+000 7.06473E+000 6.61686E+000 6.09572E+000 5.56414E+000 5.08499E+000 4.72108E+000 4.51532E+000 4.44962E+000 4.49426E+000 4.61952E+000 4.79570E+000 4.99309E+000 5.18107E+000 5.32576E+000 5.39250E+000 5.35255E+000 5.20218E+000 4.97233E+000 4.72145E+000 4.50912E+000 4.39489E+000 4.43160E+000 4.61471E+000 4.91079E+000 5.28620E+000 5.70725E+000 6.14031E+000 6.55170E+000 6.90778E+000 7.17488E+000 7.31934E+000
 4.12334E+000 7.48926E+000 7.37446E+000 7.07266E+000 6.64367E+000 6.14732E+000 5.64344E+000 5.19186E+000 4.85239E+000 4.66626E+000 4.61782E+000 4.68059E+000 4.82807E+000 5.03379E+000 5.27126E+000 5.50946E+000 5.70055E+000 5.79280E+000 5.74635E+000 5.56984E+000 5.30481E+000 5.01304E+000 4.75709E+000 4.59955E+000 4.59601E+000 4.74298E+000 5.00713E+000 5.35493E+000 5.75281E+000 6.16724E+000 6.56465E+000 6.91150E+000 7.17425E+000 7.31934E+000
 4.31969E+000 7.48926E+000 7.37411E+000 7.08676E+000 6.68352E+000 6.22065E+000 5.75444E+000 5.34117E+000 5.03712E+000 4.88152E+000 4.86156E+000 4.95447E+000 5.13749E+000 5.38786E+000 5.68283E+000 5.99075E+000 6.24703E+000 6.37944E+000 6.33351E+000 6.12652E+000 5.81070E+000 5.45482E+000 5.12831E+000 4.90059E+000 4.83360E+000 4.92568E+000 5.14310E+000 5.45186E+000 5.81798E+000 6.20747E+000 6.58633E+000 6.92059E+000 7.17626E+000 7.31934E+000
 4.51604E+000 7.48926E+000 7.37374E+000 7.10007E+000 6.72099E+000 6.28926E+000 5.85764E+000 5.47889E+000 5.20575E+000 5.07553E+000 5.07827E+000 5.19502E+000 5.40683E+000 5.69473E+000 6.03978E+000 6.41016E+000 6.72646E+000 6.89823E+000 6.85729E+000 6.62532E+000 6.26280E+000 5.84607E+000 5.45211E+000 5.15790E+000 5.03230E+000 5.07542E+000 5.25264E+000 5.52911E+000 5.86996E+000 6.24030E+000 6.60528E+000 6.93003E+000 7.17967E+000 7.31934E+000
 4.71239E+000 7.48926E+000 7.37171E+000 7.10557E+000 6.74064E+000 6.32671E+000 5.91356E+000 5.55100E+000 5.28881E+000 5.16271E+000 5.16539E+000 5.28137E+000 5.49514E+000 5.79120E+000 6.15407E+000 6.55290E+000 6.90012E+000 7.09497E+000 7.06095E+000 6.81934E+000 6.43393E+000 5.98610E+000 5.55789E+000 5.23136E+000 5.08004E+000 5.10475E+000 5.26970E+000 5.53879E+000 5.87593E+000 6.24504E+000 6.61003E+000 6.93480E+000 7.18326E+000 7.31934E+000
 4.90874E+000 7.48926E+000 7.36681E+000 7.09818E+000 6.73127E+000 6.31399E+000 5.89423E+000 5.51989E+000 5.23888E+000 5.08598E+000 5.05592E+000 5.13581E+000 5.31274E+000 5.57381E+000 5.90611E+000 6.28127E+000 6.61361E+000 6.80418E+000 6.77679E+000 6.54723E+000 6.17605E+000 5.74481E+000 5.33595E+000 5.03190E+000 4.90640E+000 4.95942E+000 5.15375E+000 5.45187E+000 5.81626E+000 6.20942E+000 6.59381E+000 6.93194E+000 7.18629E+000 7.31934E+000
 5.10509E+000 7.48926E+000 7.35967E+000 7.08026E+000 6.69849E+000 6.26181E+000 5.81768E+000 5.41354E+000 5.09685E+000 4.90222E+000 4.82508E+000 4.85336E+000 4.97499E+000 5.17791E+000 5.45007E+000 5.76592E+000 6.05000E+000 6.21527E+000 6.19313E+000 5.98986E+000 5.65758E+000 5.27466E+000 4.92050E+000 4.67452E+000 4.60759E+000 4.71779E+000 4.96652E+000 5.31487E+000 5.72397E+000 6.15491E+000 6.56882E+000 6.92678E+000 7.18992E+000 7.31934E+000
 5.30144E+000 7.48926E+000 7.35138E+000 7.05608E+000 6.65213E+000 6.18833E+000 5.71347E+000 5.27633E+000 4.92570E+000 4.69683E+000 4.58366E+000 4.57220E+000 4.64851E+000 4.79862E+000 5.00857E+000 5.25461E+000 5.47668E+000 5.60634E+000 5.58731E+000 5.41364E+000 5.12613E+000 4.79872E+000 4.50668E+000 4.32529E+000 4.32150E+000 4.49137E+000 4.79525E+000 5.19318E+000 5.64523E+000 6.11146E+000 6.55193E+000 6.92669E+000 7.19581E+000 7.31934E+000
 5.49779E+000 7.48926E+000 7.34305E+000 7.02989E+000 6.60202E+000 6.11170E+000 5.61116E+000 5.15265E+000 4.78841E+000 4.55519E+000 4.44243E+000 4.43054E+000 4.49993E+000 4.63102E+000 4.80422E+000 4.99507E+000 5.16106E+000 5.25550E+000 5.23670E+000 5.08500E+000 4.82926E+000 4.54006E+000 4.28965E+000 4.15026E+000 4.18600E+000 4.39168E+000 4.72720E+000 5.15218E+000 5.62623E+000 6.10898E+000 6.56004E+000 6.93905E+000 7.20560E+000 7.31934E+000
 5.69414E+000 7.48926E+000 7.33575E+000 7.00590E+000 6.55783E+000 6.04965E+000 5.53946E+000 5.08537E+000 4.74549E+000 4.55897E+000 4.50702E+000 4.55984E+000 4.68758E+000 4.86045E+000 5.04860E+000 5.22305E+000 5.35789E+000 5.42790E+000 5.40571E+000 5.25787E+000 5.00291E+000 4.71120E+000 4.45523E+000 4.30745E+000 4.33222E+000 4.52472E+000 4.84527E+000 5.25394E+000 5.71077E+000 6.17582E+000 6.60915E+000 6.97081E+000 7.22086E+000 7.31934E+000
 5.89049E+000 7.48926E+000 7.33044E+000 6.98723E+000 6.52502E+000 6.00924E+000 5.50529E+000 5.07859E+000 4.79453E+000 4.69518E+000 4.75123E+000 4.91978E+000 5.15791E+000 5.42273E+000 5.67133E+000 5.86728E+000 5.99811E+000 6.05691E+000 6.02846E+000 5.86741E+000 5.58482E+000 5.25386E+000 4.95015E+000 4.74933E+000 4.71875E+000 4.85537E+000 5.12065E+000 5.47576E+000 5.88190E+000 6.30024E+000 6.69198E+000 7.01828E+000 7.24034E+000 7.31934E+000
 6.08684E+000 7.48926E+000 7.32794E+000 6.97578E+000 6.50459E+000 5.98623E+000 5.49252E+000 5.09532E+000 4.86643E+000 4.85051E+000 5.00912E+000 5.28798E+000 5.63281E+000 5.98932E+000 6.30325E+000 6.53112E+000 6.66953E+000 6.72435E+000 6.68905E+000 6.51089E+000 6.19682E+000 5.82287E+000 5.46785E+000 5.21055E+000 5.12135E+000 5.19900E+000 5.40614E+000 5.70511E+000 6.05828E+000 6.42799E+000 6.77660E+000 7.06645E+000 7.25992E+000 7.31934E+000
 6.28319E+000 7.48926E+000 7.32906E+000 6.97341E+000 6.49733E+000 5.97582E+000 5.48391E+000 5.09659E+000 4.88887E+000 4.90682E+000 5.10805E+000 5.43331E+000 5.82335E+000 6.21892E+000 6.56078E+000 6.80228E+000 6.94345E+000 6.99513E+000 6.95471E+000 6.76935E+000 6.44549E+000 6.05925E+000 5.68954E+000 5.41527E+000 5.30696E+000 5.36377E+000 5.54886E+000 5.82512E+000 6.15546E+000 6.50275E+000 6.82989E+000 7.09978E+000 7.27530E+000 7.31934E+000
