 0.00000E+000 0.00000E+000 9.81748E-002 1.96350E-001 2.94524E-001 3.92699E-001 4.90874E-001 5.89049E-001 6.87223E-001 7.85398E-001 8.83573E-001 9.81748E-001 1.07992E+000 1.17810E+000 1.27627E+000 1.37445E+000 1.47262E+000 1.57080E+000 1.66897E+000 1.76715E+000 1.86532E+000 1.96350E+000 2.06167E+000 2.15984E+000 2.25802E+000 2.35619E+000 2.45437E+000 2.55254E+000 2.65072E+000 2.74889E+000 2.84707E+000 2.94524E+000 3.04342E+000 3.14159E+000
 0.00000E+000 5.56414E+000 5.56468E+000 5.56625E+000 5.56879E+000 5.57222E+000 5.57648E+000 5.58150E+000 5.58720E+000 5.59353E+000 5.60041E+000 5.60776E+000 5.61554E+000 5.62365E+000 5.63205E+000 5.64065E+000 5.64938E+000 5.65819E+000 5.66699E+000 5.67573E+000 5.68433E+000 5.69272E+000 5.70084E+000 5.70861E+000 5.71597E+000 5.72285E+000 5.72917E+000 5.73488E+000 5.73990E+000 5.74415E+000 5.74759E+000 5.75012E+000 5.75170E+000 5.75224E+000
 1.96350E-001 5.56414E+000 5.56468E+000 5.56625E+000 5.56879E+000 5.57222E+000 5.57648E+000 5.58150E+000 5.58720E+000 5.59353E+000 5.60041E+000 5.60776E+000 5.61554E+000 5.62365E+000 5.63205E+000 5.64065E+000 5.64938E+000 5.65819E+000 5.66699E+000 5.67573E+000 5.68433E+000 5.69272E+000 5.70084E+000 5.70861E+000 5.71597E+000 5.72285E+000 5.72917E+000 5.73488E+000 5.73990E+000 5.74415E+000 5.74759E+000 5.75012E+000 5.75170E+000 5.75224E+000
 3.92699E-001 5.56414E+000 5.56468E+000 5.56625E+000 5.56879E+000 5.57222E+000 5.57648E+000 5.58150E+000 5.58720E+000 5.59353E+000 5.60041E+000 5.60776E+000 5.61554E+000 5.62365E+000 5.63205E+000 5.64065E+000 5.64938E+000 5.65819E+000 5.66699E+000 5.67573E+000 5.68433E+000 5.69272E+000 5.70084E+000 5.70861E+000 5.71597E+000 5.72285E+000 5.72917E+000 5.73488E+000 5.73990E+000 5.74415E+000 5.74759E+000 5.75012E+000 5.75170E+000 5.75224E+000
 5.89049E-001 5.56414E+000 5.56468E+000 5.56625E+000 5.56879E+000 5.57222E+000 5.57648E+000 5.58150E+000 5.58720E+000 5.59353E+000 5.60041E+000 5.60776E+000 5.61554E+000 5.62365E+000 5.63205E+000 5.64065E+000 5.64938E+000 5.65819E+000 5.66699E+000 5.67573E+000 5.68433E+000 5.69272E+000 5.70084E+000 5.70861E+000 5.71597E+000 5.72285E+000 5.72917E+000 5.73488E+000 5.73990E+000 5.74415E+000 5.74759E+000 5.75012E+000 5.75170E+000 5.75224E+000
 7.85398E-001 5.56414E+000 5.56468E+000 5.56625E+000 5.56879E+000 5.57222E+000 5.57648E+000 5.58150E+000 5.58720E+000 5.59353E+000 5.60041E+000 5.60776E+000 5.61554E+000 5.62365E+000 5.63205E+000 5.64065E+000 5.64938E+000 5.65819E+000 5.66699E+000 5.67573E+000 5.68433E+000 5.69272E+000 5.70084E+000 5.70861E+000 5.71597E+000 5.72285E+000 5.72917E+000 5.73488E+000 5.73990E+000 5.74415E+000 5.74759E+000 5.75012E+000 5.75170E+000 5.75224E+000
 9.81748E-001 5.56414E+000 5.56468E+000 5.56625E+000 5.56879E+000 5.57222E+000 5.57648E+000 5.58150E+000 5.58720E+000 5.59353E+000 5.60041E+000 5.60776E+000 5.61554E+000 5.62365E+000 5.63205E+000 5.64065E+000 5.64938E+000 5.65819E+000 5.66699E+000 5.67573E+000 5.68433E+000 5.69272E+000 5.70084E+000 5.70861E+000 5.71597E+000 5.72285E+000 5.72917E+000 5.73488E+000 5.73990E+000 5.74415E+000 5.74759E+000 5.75012E+000 5.75170E+000 5.75224E+000
 1.17810E+000 5.56414E+000 5.56468E+000 5.56625E+000 5.56879E+000 5.57222E+000 5.57648E+000 5.58150E+000 5.58720E+000 5.59353E+000 5.60041E+000 5.60776E+000 5.61554E+000 5.62365E+000 5.63205E+000 5.64065E+000 5.64938E+000 5.65819E+000 5.66699E+000 5.67573E+000 5.68433E+000 5.69272E+000 5.70084E+000 5.70861E+000 5.71597E+000 5.72285E+000 5.72917E+000 5.73488E+000 5.73990E+000 5.74415E+000 5.74759E+000 5.75012E+000 5.75170E+000 5.75224E+000
 1.37445E+000 5.56414E+000 5.56468E+000 5.56625E+000 5.56879E+000 5.57222E+000 5.57648E+000 5.58150E+000 5.58720E+000 5.59353E+000 5.60041E+000 5.60776E+000 5.61554E+000 5.62365E+000 5.63205E+000 5.64065E+000 5.64938E+000 5.65819E+000 5.66699E+000 5.67573E+000 5.68433E+000 5.69272E+000 5.70084E+000 5.70861E+000 5.71597E+000 5.72285E+000 5.72917E+000 5.73488E+000 5.73990E+000 5.74415E+000 5.74759E+000 5.75012E+000 5.75170E+000 5.75224E+000
 1.57080E+000 5.56414E+000 5.56468E+000 5.56625E+000 5.56879E+000 5.57222E+000 5.57648E+000 5.58150E+000 5.58720E+000 5.59353E+000 5.60041E+000 5.60776E+000 5.61554E+000 5.62365E+000 5.63205E+000 5.64065E+000 5.64938E+000 5.65819E+000 5.66699E+000 5.67573E+000 5.68433E+000 5.69272E+000 5.70084E+000 5.70861E+000 5.71597E+000 5.72285E+000 5.72917E+000 5.73488E+000 5.73990E+000 5.74415E+000 5.74759E+000 5.75012E+000 5.75170E+000 5.75224E+000
 1.76715E+000 5.56414E+000 5.56468E+000 5.56625E+000 5.56879E+000 5.57222E+000 5.57648E+000 5.58150E+000 5.58720E+000 5.59353E+000 5.60041E+000 5.60776E+000 5.61554E+000 5.62365E+000 5.63205E+000 5.64065E+000 5.64938E+000 5.65819E+000 5.66699E+000 5.67573E+000 5.68433E+000 5.69272E+000 5.70084E+000 5.70861E+000 5.71597E+000 5.72285E+000 5.72917E+000 5.73488E+000 5.73990E+000 5.74415E+000 5.74759E+000 5.75012E+000 5.75170E+000 5.75224E+000
 1.96350E+000 5.56414E+000 5.56468E+000 5.56625E+000 5.56879E+000 5.57222E+000 5.57648E+000 5.58150E+000 5.58720E+000 5.59353E+000 5.60041E+000 5.60776E+000 5.61554E+000 5.62365E+000 5.63205E+000 5.64065E+000 5.64938E+000 5.65819E+000 5.66699E+000 5.67573E+000 5.68433E+000 5.69272E+000 5.70084E+000 5.70861E+000 5.71597E+000 5.72285E+000 5.72917E+000 5.73488E+000 5.73990E+000 5.74415E+000 5.74759E+000 5.75012E+000 5.75170E+000 5.75224E+000
 2.15984E+000 5.56414E+000 5.56468E+000 5.56625E+000 5.56879E+000 5.57222E+000 5.57648E+000 5.58150E+000 5.58720E+000 5.59353E+000 5.60041E+000 5.60776E+000 5.61554E+000 5.62365E+000 5.63205E+000 5.64065E+000 5.64938E+000 5.65819E+000 5.66699E+000 5.67573E+000 5.68433E+000 5.69272E+000 5.70084E+000 5.70861E+000 5.71597E+000 5.72285E+000 5.72917E+000 5.73488E+000 5.73990E+000 5.74415E+000 5.74759E+000 5.75012E+000 5.75170E+000 5.75224E+000
 2.35619E+000 5.56414E+000 5.56468E+000 5.56625E+000 5.56879E+000 5.57222E+000 5.57648E+000 5.58150E+000 5.58720E+000 5.59353E+000 5.60041E+000 5.60776E+000 5.61554E+000 5.62365E+000 5.63205E+000 5.64065E+000 5.64938E+000 5.65819E+000 5.66699E+000 5.67573E+000 5.68433E+000 5.69272E+000 5.70084E+000 5.70861E+000 5.71597E+000 5.72285E+000 5.72917E+000 5.73488E+000 5.73990E+000 5.74415E+000 5.74759E+000 5.75012E+000 5.75170E+000 5.75224E+000
 2.55254E+000 5.56414E+000 5.56468E+000 5.56625E+000 5.56879E+000 5.57222E+000 5.57648E+000 5.58150E+000 5.58720E+000 5.59353E+000 5.60041E+000 5.60776E+000 5.61554E+000 5.62365E+000 5.63205E+000 5.64065E+000 5.64938E+000 5.65819E+000 5.66699E+000 5.67573E+000 5.68433E+000 5.69272E+000 5.70084E+000 5.70861E+000 5.71597E+000 5.72285E+000 5.72917E+000 5.73488E+000 5.73990E+000 5.74415E+000 5.74759E+000 5.75012E+000 5.75170E+000 5.75224E+000
 2.74889E+000 5.56414E+000 5.56468E+000 5.56625E+000 5.56879E+000 5.57222E+000 5.57648E+000 5.58150E+000 5.58720E+000 5.59353E+000 5.60041E+000 5.60776E+000 5.61554E+000 5.62365E+000 5.63205E+000 5.64065E+000 5.64938E+000 5.65819E+000 5.66699E+000 5.67573E+000 5.68433E+000 5.69272E+000 5.70084E+000 5.70861E+000 5.71597E+000 5.72285E+000 5.72917E+000 5.73488E+000 5.73990E+000 5.74415E+000 5.74759E+000 5.75012E+000 5.75170E+000 5.75224E+000
 2.94524E+000 5.56414E+000 5.56468E+000 5.56625E+000 5.56879E+000 5.57222E+000 5.57648E+000 5.58150E+000 5.58720E+000 5.59353E+000 5.60041E+000 5.60776E+000 5.61554E+000 5.62365E+000 5.63205E+000 5.64065E+000 5.64938E+000 5.65819E+000 5.66699E+000 5.67573E+000 5.68433E+000 5.69272E+000 5.70084E+000 5.70861E+000 5.71597E+000 5.72285E+000 5.72917E+000 5.73488E+000 5.73990E+000 5.74415E+000 5.74759E+000 5.75012E+000 5.75170E+000 5.75224E+000
 3.14159E+000 5.56414E+000 5.56468E+000 5.56625E+000 5.56879E+000 5.57222E+000 5.57648E+000 5.58150E+000 5.58720E+000 5.59353E+000 5.60041E+000 5.60776E+000 5.61554E+000 5.62365E+000 5.63205E+000 5.64065E+000 5.64938E+000 5.65819E+000 5.66699E+000 5.67573E+000 5.68433E+000 5.69272E+000 5.70084E+000 5.70861E+000 5.71597E+000 5.72285E+000 5.72917E+000 5.73488E+000 5.73990E+000 5.74415E+000 5.74759E+000 5.75012E+000 5.75170E+000 5.75224E+000
 3.33794E+000 5.56414E+000 5.56468E+000 5.56625E+000 5.56879E+000 5.57222E+000 5.57648E+000 5.58150E+000 5.58720E+000 5.59353E+000 5.60041E+000 5.60776E+000 5.61554E+000 5.62365E+000 5.63205E+000 5.64065E+000 5.64938E+000 5.65819E+000 5.66699E+000 5.67573E+000 5.68433E+000 5.69272E+000 5.70084E+000 5.70861E+000 5.71597E+000 5.72285E+000 5.72917E+000 5.73488E+000 5.73990E+000 5.74415E+000 5.74759E+000 5.75012E+000 5.75170E+000 5.75224E+000
 3.53429E+000 5.56414E+000 5.56468E+000 5.56625E+000 5.56879E+000 5.57222E+000 5.57648E+000 5.58150E+000 5.58720E+000 5.59353E+000 5.60041E+000 5.60776E+000 5.61554E+000 5.62365E+000 5.63205E+000 5.64065E+000 5.64938E+000 5.65819E+000 5.66699E+000 5.67573E+000 5.68433E+000 5.69272E+000 5.70084E+000 5.70861E+000 5.71597E+000 5.72285E+000 5.72917E+000 5.73488E+000 5.73990E+000 5.74415E+000 5.74759E+000 5.75012E+000 5.75170E+000 5.75224E+000
 3.73064E+000 5.56414E+000 5.56468E+000 5.56625E+000 5.56879E+000 5.57222E+000 5.57648E+000 5.58150E+000 5.58720E+000 5.59353E+000 5.60041E+000 5.60776E+000 5.61554E+000 5.62365E+000 5.63205E+000 5.64065E+000 5.64938E+000 5.65819E+000 5.66699E+000 5.67573E+000 5.68433E+000 5.69272E+000 5.70084E+000 5.70861E+000 5.71597E+000 5.72285E+000 5.72917E+000 5.73488E+000 5.73990E+000 5.74415E+000 5.74759E+000 5.75012E+000 5.75170E+000 5.75224E+000
 3.92699E+000 5.56414E+000 5.56468E+000 5.56625E+000 5.56879E+000 5.57222E+000 5.57648E+000 5.58150E+000 5.58720E+000 5.59353E+000 5.60041E+000 5.60776E+000 5.61554E+000 5.62365E+000 5.63205E+000 5.64065E+000 5.64938E+000 5.65819E+000 5.66699E+000 5.67573E+000 5.68433E+000 5.69272E+000 5.70084E+000 5.70861E+000 5.71597E+000 5.72285E+000 5.72917E+000 5.73488E+000 5.73990E+000 5.74415E+000 5.74759E+000 5.75012E+000 5.75170E+000 5.75224E+000
 4.12334E+000 5.56414E+000 5.56468E+000 5.56625E+000 5.56879E+000 5.57222E+000 5.57648E+000 5.58150E+000 5.58720E+000 5.59353E+000 5.60041E+000 5.60776E+000 5.61554E+000 5.62365E+000 5.63205E+000 5.64065E+000 5.64938E+000 5.65819E+000 5.66699E+000 5.67573E+000 5.68433E+000 5.69272E+000 5.70084E+000 5.70861E+000 5.71597E+000 5.72285E+000 5.72917E+000 5.73488E+000 5.73990E+000 5.74415E+000 5.74759E+000 5.75012E+000 5.75170E+000 5.75224E+000
 4.31969E+000 5.56414E+000 5.56468E+000 5.56625E+000 5.56879E+000 5.57222E+000 5.57648E+000 5.58150E+000 5.58720E+000 5.59353E+000 5.60041E+000 5.60776E+000 5.61554E+000 5.62365E+000 5.63205E+000 5.64065E+000 5.64938E+000 5.65819E+000 5.66699E+000 5.67573E+000 5.68433E+000 5.69272E+000 5.70084E+000 5.70861E+000 5.71597E+000 5.72285E+000 5.72917E+000 5.73488E+000 5.73990E+000 5.74415E+000 5.74759E+000 5.75012E+000 5.75170E+000 5.75224E+000
 4.51604E+000 5.56414E+000 5.56468E+000 5.56625E+000 5.56879E+000 5.57222E+000 5.57648E+000 5.58150E+000 5.58720E+000 5.59353E+000 5.60041E+000 5.60776E+000 5.61554E+000 5.62365E+000 5.63205E+000 5.64065E+000 5.64938E+000 5.65819E+000 5.66699E+000 5.67573E+000 5.68433E+000 5.69272E+000 5.70084E+000 5.70861E+000 5.71597E+000 5.72285E+000 5.72917E+000 5.73488E+000 5.73990E+000 5.74415E+000 5.74759E+000 5.75012E+000 5.75170E+000 5.75224E+000
 4.71239E+000 5.56414E+000 5.56468E+000 5.56625E+000 5.56879E+000 5.57222E+000 5.57648E+000 5.58150E+000 5.58720E+000 5.59353E+000 5.60041E+000 5.60776E+000 5.61554E+000 5.62365E+000 5.63205E+000 5.64065E+000 5.64938E+000 5.65819E+000 5.66699E+000 5.67573E+000 5.68433E+000 5.69272E+000 5.70084E+000 5.70861E+000 5.71597E+000 5.72285E+000 5.72917E+000 5.73488E+000 5.73990E+000 5.74415E+000 5.74759E+000 5.75012E+000 5.75170E+000 5.75224E+000
 4.90874E+000 5.56414E+000 5.56468E+000 5.56625E+000 5.56879E+000 5.57222E+000 5.57648E+000 5.58150E+000 5.58720E+000 5.59353E+000 5.60041E+000 5.60776E+000 5.61554E+000 5.62365E+000 5.63205E+000 5.64065E+000 5.64938E+000 5.65819E+000 5.66699E+000 5.67573E+000 5.68433E+000 5.69272E+000 5.70084E+000 5.70861E+000 5.71597E+000 5.72285E+000 5.72917E+000 5.73488E+000 5.73990E+000 5.74415E+000 5.74759E+000 5.75012E+000 5.75170E+000 5.75224E+000
 5.10509E+000 5.56414E+000 5.56468E+000 5.56625E+000 5.56879E+000 5.57222E+000 5.57648E+000 5.58150E+000 5.58720E+000 5.59353E+000 5.60041E+000 5.60776E+000 5.61554E+000 5.62365E+000 5.63205E+000 5.64065E+000 5.64938E+000 5.65819E+000 5.66699E+000 5.67573E+000 5.68433E+000 5.69272E+000 5.70084E+000 5.70861E+000 5.71597E+000 5.72285E+000 5.72917E+000 5.73488E+000 5.73990E+000 5.74415E+000 5.74759E+000 5.75012E+000 5.75170E+000 5.75224E+000
 5.30144E+000 5.56414E+000 5.56468E+000 5.56625E+000 5.56879E+000 5.57222E+000 5.57648E+000 5.58150E+000 5.58720E+000 5.59353E+000 5.60041E+000 5.60776E+000 5.61554E+000 5.62365E+000 5.63205E+000 5.64065E+000 5.64938E+000 5.65819E+000 5.66699E+000 5.67573E+000 5.68433E+000 5.69272E+000 5.70084E+000 5.70861E+000 5.71597E+000 5.72285E+000 5.72917E+000 5.73488E+000 5.73990E+000 5.74415E+000 5.74759E+000 5.75012E+000 5.75170E+000 5.75224E+000
 5.49779E+000 5.56414E+000 5.56468E+000 5.56625E+000 5.56879E+000 5.57222E+000 5.57648E+000 5.58150E+000 5.58720E+000 5.59353E+000 5.60041E+000 5.60776E+000 5.61554E+000 5.62365E+000 5.63205E+000 5.64065E+000 5.64938E+000 5.65819E+000 5.66699E+000 5.67573E+000 5.68433E+000 5.69272E+000 5.70084E+000 5.70861E+000 5.71597E+000 5.72285E+000 5.72917E+000 5.73488E+000 5.73990E+000 5.74415E+000 5.74759E+000 5.75012E+000 5.75170E+000 5.75224E+000
 5.69414E+000 5.56414E+000 5.56468E+000 5.56625E+000 5.56879E+000 5.57222E+000 5.57648E+000 5.58150E+000 5.58720E+000 5.59353E+000 5.60041E+000 5.60776E+000 5.61554E+000 5.62365E+000 5.63205E+000 5.64065E+000 5.64938E+000 5.65819E+000 5.66699E+000 5.67573E+000 5.68433E+000 5.69272E+000 5.70084E+000 5.70861E+000 5.71597E+000 5.72285E+000 5.72917E+000 5.73488E+000 5.73990E+000 5.74415E+000 5.74759E+000 5.75012E+000 5.75170E+000 5.75224E+000
 5.89049E+000 5.56414E+000 5.56468E+000 5.56625E+000 5.56879E+000 5.57222E+000 5.57648E+000 5.58150E+000 5.58720E+000 5.59353E+000 5.60041E+000 5.60776E+000 5.61554E+000 5.62365E+000 5.63205E+000 5.64065E+000 5.64938E+000 5.65819E+000 5.66699E+000 5.67573E+000 5.68433E+000 5.69272E+000 5.70084E+000 5.70861E+000 5.71597E+000 5.72285E+000 5.72917E+000 5.73488E+000 5.73990E+000 5.74415E+000 5.74759E+000 5.75012E+000 5.75170E+000 5.75224E+000
 6.08684E+000 5.56414E+000 5.56468E+000 5.56625E+000 5.56879E+000 5.57222E+000 5.57648E+000 5.58150E+000 5.58720E+000 5.59353E+000 5.60041E+000 5.60776E+000 5.61554E+000 5.62365E+000 5.63205E+000 5.64065E+000 5.64938E+000 5.65819E+000 5.66699E+000 5.67573E+000 5.68433E+000 5.69272E+000 5.70084E+000 5.70861E+000 5.71597E+000 5.72285E+000 5.72917E+000 5.73488E+000 5.73990E+000 5.74415E+000 5.74759E+000 5.75012E+000 5.75170E+000 5.75224E+000
 6.28319E+000 5.56414E+000 5.56468E+000 5.56625E+000 5.56879E+000 5.57222E+000 5.57648E+000 5.58150E+000 5.58720E+000 5.59353E+000 5.60041E+000 5.60776E+000 5.61554E+000 5.62365E+000 5.63205E+000 5.64065E+000 5.64938E+000 5.65819E+000 5.66699E+000 5.67573E+000 5.68433E+000 5.69272E+000 5.70084E+000 5.70861E+000 5.71597E+000 5.72285E+000 5.72917E+000 5.73488E+000 5.73990E+000 5.74415E+000 5.74759E+000 5.75012E+000 5.75170E+000 5.75224E+000
