 0.00000E+000 0.00000E+000 9.81748E-002 1.96350E-001 2.94524E-001 3.92699E-001 4.90874E-001 5.89049E-001 6.87223E-001 7.85398E-001 8.83573E-001 9.81748E-001 1.07992E+000 1.17810E+000 1.27627E+000 1.37445E+000 1.47262E+000 1.57080E+000 1.66897E+000 1.76715E+000 1.86532E+000 1.96350E+000 2.06167E+000 2.15984E+000 2.25802E+000 2.35619E+000 2.45437E+000 2.55254E+000 2.65072E+000 2.74889E+000 2.84707E+000 2.94524E+000 3.04342E+000 3.14159E+000
 0.00000E+000 6.03408E+000 6.06407E+000 6.06675E+000 6.04547E+000 6.00358E+000 5.94445E+000 5.87143E+000 5.78787E+000 5.69713E+000 5.60257E+000 5.50755E+000 5.41543E+000 5.32954E+000 5.25327E+000 5.18996E+000 5.14296E+000 5.11564E+000 5.11072E+000 5.12839E+000 5.16822E+000 5.22976E+000 5.31257E+000 5.41623E+000 5.53976E+000 5.67783E+000 5.82287E+000 5.96733E+000 6.10360E+000 6.22414E+000 6.32135E+000 6.38766E+000 6.41551E+000 6.39731E+000
 1.96350E-001 6.03408E+000 6.06012E+000 6.06009E+000 6.03724E+000 5.99480E+000 5.93602E+000 5.86413E+000 5.78237E+000 5.69399E+000 5.60221E+000 5.51028E+000 5.42145E+000 5.33894E+000 5.26600E+000 5.20586E+000 5.16177E+000 5.13697E+000 5.13408E+000 5.15327E+000 5.19411E+000 5.25615E+000 5.33897E+000 5.44211E+000 5.56462E+000 5.70120E+000 5.84433E+000 5.98649E+000 6.12013E+000 6.23775E+000 6.33180E+000 6.39476E+000 6.41911E+000 6.39731E+000
 3.92699E-001 6.03408E+000 6.05474E+000 6.05114E+000 6.02635E+000 5.98343E+000 5.92542E+000 5.85540E+000 5.77642E+000 5.69154E+000 5.60381E+000 5.51630E+000 5.43206E+000 5.35416E+000 5.28565E+000 5.22959E+000 5.18904E+000 5.16706E+000 5.16612E+000 5.18643E+000 5.22758E+000 5.28919E+000 5.37086E+000 5.47220E+000 5.59233E+000 5.72602E+000 5.86590E+000 6.00459E+000 6.13467E+000 6.24876E+000 6.33947E+000 6.39939E+000 6.42113E+000 6.39731E+000
 5.89049E-001 6.03408E+000 6.04824E+000 6.04040E+000 6.01338E+000 5.97000E+000 5.91310E+000 5.84550E+000 5.77004E+000 5.68953E+000 5.60682E+000 5.52472E+000 5.44607E+000 5.37370E+000 5.31042E+000 5.25908E+000 5.22250E+000 5.20351E+000 5.20441E+000 5.22543E+000 5.26626E+000 5.32662E+000 5.40619E+000 5.50467E+000 5.62128E+000 5.75097E+000 5.88657E+000 6.02089E+000 6.14674E+000 6.25693E+000 6.34427E+000 6.40157E+000 6.42165E+000 6.39731E+000
 7.85398E-001 6.03408E+000 6.04095E+000 6.02836E+000 5.99888E+000 5.95507E+000 5.89948E+000 5.83469E+000 5.76325E+000 5.68773E+000 5.61068E+000 5.53468E+000 5.46227E+000 5.39603E+000 5.33851E+000 5.29228E+000 5.25990E+000 5.24393E+000 5.24647E+000 5.26782E+000 5.30778E+000 5.36620E+000 5.44289E+000 5.53768E+000 5.64990E+000 5.77475E+000 5.90531E+000 6.03465E+000 6.15585E+000 6.26198E+000 6.34612E+000 6.40134E+000 6.42071E+000 6.39731E+000
 9.81748E-001 6.03408E+000 6.03316E+000 6.01552E+000 5.98343E+000 5.93918E+000 5.88502E+000 5.82324E+000 5.75610E+000 5.68588E+000 5.61485E+000 5.54529E+000 5.47946E+000 5.41964E+000 5.36811E+000 5.32713E+000 5.29898E+000 5.28592E+000 5.28986E+000 5.31115E+000 5.34977E+000 5.40569E+000 5.47890E+000 5.56938E+000 5.67661E+000 5.79606E+000 5.92111E+000 6.04514E+000 6.16153E+000 6.26367E+000 6.34494E+000 6.39871E+000 6.41838E+000 6.39731E+000
 1.17810E+000 6.03408E+000 6.02518E+000 6.00236E+000 5.96760E+000 5.92287E+000 5.87014E+000 5.81140E+000 5.74860E+000 5.68373E+000 5.61877E+000 5.55568E+000 5.49644E+000 5.44303E+000 5.39741E+000 5.36157E+000 5.33747E+000 5.32710E+000 5.33212E+000 5.35298E+000 5.38985E+000 5.44286E+000 5.51217E+000 5.59793E+000 5.69983E+000 5.81358E+000 5.93294E+000 6.05160E+000 6.16330E+000 6.26174E+000 6.34065E+000 6.39373E+000 6.41471E+000 6.39731E+000
 1.37445E+000 6.03408E+000 6.01732E+000 5.98939E+000 5.95195E+000 5.90670E+000 5.85529E+000 5.79943E+000 5.74079E+000 5.68104E+000 5.62188E+000 5.56497E+000 5.51200E+000 5.46465E+000 5.42461E+000 5.39354E+000 5.37313E+000 5.36506E+000 5.37079E+000 5.39087E+000 5.42565E+000 5.47545E+000 5.54062E+000 5.62150E+000 5.71796E+000 5.82602E+000 5.93979E+000 6.05332E+000 6.16067E+000 6.25593E+000 6.33315E+000 6.38641E+000 6.40977E+000 6.39731E+000
 1.57080E+000 6.03408E+000 6.00990E+000 5.97710E+000 5.93706E+000 5.89120E+000 5.84091E+000 5.78761E+000 5.73269E+000 5.67756E+000 5.62363E+000 5.57229E+000 5.52495E+000 5.48302E+000 5.44789E+000 5.42098E+000 5.40368E+000 5.39741E+000 5.40341E+000 5.42236E+000 5.45480E+000 5.50123E+000 5.56221E+000 5.63824E+000 5.72942E+000 5.83207E+000 5.94064E+000 6.04953E+000 6.15317E+000 6.24598E+000 6.32238E+000 6.37679E+000 6.40362E+000 6.39731E+000
 1.76715E+000 6.03408E+000 6.00320E+000 5.96594E+000 5.92345E+000 5.87690E+000 5.82744E+000 5.77623E+000 5.72442E+000 5.67317E+000 5.62364E+000 5.57699E+000 5.53437E+000 5.49693E+000 5.46585E+000 5.44227E+000 5.42735E+000 5.42225E+000 5.42805E+000 5.44555E+000 5.47545E+000 5.51848E+000 5.57536E+000 5.64680E+000 5.73308E+000 5.83084E+000 5.93483E+000 6.03983E+000 6.14058E+000 6.23186E+000 6.30841E+000 6.36499E+000 6.39637E+000 6.39731E+000
 1.96350E+000 6.03408E+000 5.99737E+000 5.95619E+000 5.91149E+000 5.86422E+000 5.81531E+000 5.76571E+000 5.71637E+000 5.66823E+000 5.62224E+000 5.57933E+000 5.54046E+000 5.50657E+000 5.47860E+000 5.45750E+000 5.44422E+000 5.43969E+000 5.44485E+000 5.46062E+000 5.48789E+000 5.52757E+000 5.58055E+000 5.64773E+000 5.72960E+000 5.82306E+000 5.92318E+000 6.02505E+000 6.12375E+000 6.21435E+000 6.29193E+000 6.35157E+000 6.38833E+000 6.39731E+000
 2.15984E+000 6.03408E+000 5.99255E+000 5.94810E+000 5.90151E+000 5.85354E+000 5.80496E+000 5.75653E+000 5.70904E+000 5.66324E+000 5.61992E+000 5.57982E+000 5.54374E+000 5.51243E+000 5.48666E+000 5.46721E+000 5.45483E+000 5.45031E+000 5.45447E+000 5.46831E+000 5.49292E+000 5.52938E+000 5.57874E+000 5.64209E+000 5.72009E+000 5.80989E+000 5.90686E+000 6.00637E+000 6.10379E+000 6.19448E+000 6.27381E+000 6.33715E+000 6.37986E+000 6.39731E+000
 2.35619E+000 6.03408E+000 5.98888E+000 5.94192E+000 5.89383E+000 5.84525E+000 5.79682E+000 5.74916E+000 5.70291E+000 5.65871E+000 5.61718E+000 5.57896E+000 5.54470E+000 5.51501E+000 5.49053E+000 5.47191E+000 5.45976E+000 5.45473E+000 5.45755E+000 5.46935E+000 5.49135E+000 5.52480E+000 5.57091E+000 5.63093E+000 5.70566E+000 5.79248E+000 5.88704E+000 5.98494E+000 6.08180E+000 6.17326E+000 6.25491E+000 6.32239E+000 6.37132E+000 6.39731E+000
 2.55254E+000 6.03408E+000 5.98648E+000 5.93787E+000 5.88878E+000 5.83975E+000 5.79133E+000 5.74405E+000 5.69846E+000 5.65511E+000 5.61452E+000 5.57725E+000 5.54383E+000 5.51481E+000 5.49073E+000 5.47213E+000 5.45955E+000 5.45354E+000 5.45476E+000 5.46446E+000 5.48399E+000 5.51473E+000 5.55803E+000 5.61527E+000 5.68741E+000 5.77200E+000 5.86490E+000 5.96192E+000 6.05891E+000 6.15169E+000 6.23609E+000 6.30794E+000 6.36307E+000 6.39731E+000
 2.74889E+000 6.03408E+000 5.98551E+000 5.93621E+000 5.88668E+000 5.83742E+000 5.78892E+000 5.74168E+000 5.69619E+000 5.65295E+000 5.61244E+000 5.57518E+000 5.54165E+000 5.51235E+000 5.48777E+000 5.46841E+000 5.45476E+000 5.44733E+000 5.44676E+000 5.45438E+000 5.47165E+000 5.50006E+000 5.54107E+000 5.59618E+000 5.66645E+000 5.74959E+000 5.84161E+000 5.93849E+000 6.03622E+000 6.13080E+000 6.21820E+000 6.29443E+000 6.35547E+000 6.39731E+000
 2.94524E+000 6.03408E+000 5.98608E+000 5.93718E+000 5.88787E+000 5.83866E+000 5.79004E+000 5.74251E+000 5.69657E+000 5.65272E+000 5.61144E+000 5.57325E+000 5.53864E+000 5.50811E+000 5.48215E+000 5.46127E+000 5.44595E+000 5.43670E+000 5.43420E+000 5.43982E+000 5.45513E+000 5.48167E+000 5.52100E+000 5.57469E+000 5.64390E+000 5.72642E+000 5.81835E+000 5.91580E+000 6.01485E+000 6.11159E+000 6.20211E+000 6.28251E+000 6.34888E+000 6.39731E+000
 3.14159E+000 6.03408E+000 5.98833E+000 5.94101E+000 5.89267E+000 5.84385E+000 5.79511E+000 5.74701E+000 5.70009E+000 5.65491E+000 5.61202E+000 5.57197E+000 5.53531E+000 5.50260E+000 5.47439E+000 5.45123E+000 5.43367E+000 5.42227E+000 5.41774E+000 5.42153E+000 5.43523E+000 5.46045E+000 5.49879E+000 5.55186E+000 5.62085E+000 5.70362E+000 5.79630E+000 5.89502E+000 5.99590E+000 6.09508E+000 6.18868E+000 6.27284E+000 6.34367E+000 6.39731E+000
 3.33794E+000 6.03408E+000 5.99233E+000 5.94782E+000 5.90122E+000 5.85318E+000 5.80436E+000 5.75542E+000 5.70703E+000 5.65983E+000 5.61449E+000 5.57167E+000 5.53203E+000 5.49623E+000 5.46492E+000 5.43877E+000 5.41844E+000 5.40458E+000 5.39801E+000 5.40019E+000 5.41273E+000 5.43724E+000 5.47533E+000 5.52861E+000 5.59830E+000 5.68221E+000 5.77645E+000 5.87712E+000 5.98030E+000 6.08210E+000 6.17860E+000 6.26591E+000 6.34011E+000 6.39731E+000
 3.53429E+000 6.03408E+000 5.99781E+000 5.95717E+000 5.91296E+000 5.86601E+000 5.81711E+000 5.76710E+000 5.71677E+000 5.66695E+000 5.61844E+000 5.57206E+000 5.52863E+000 5.48895E+000 5.45385E+000 5.42412E+000 5.40060E+000 5.38408E+000 5.37552E+000 5.37636E+000 5.38819E+000 5.41260E+000 5.45116E+000 5.50547E+000 5.57669E+000 5.66257E+000 5.75912E+000 5.86234E+000 5.96821E+000 6.07274E+000 6.17192E+000 6.26174E+000 6.33821E+000 6.39731E+000
 3.73064E+000 6.03408E+000 6.00445E+000 5.96847E+000 5.92715E+000 5.88149E+000 5.83249E+000 5.78116E+000 5.72851E+000 5.67555E+000 5.62328E+000 5.57270E+000 5.52483E+000 5.48066E+000 5.44121E+000 5.40747E+000 5.38047E+000 5.36119E+000 5.35074E+000 5.35055E+000 5.36214E+000 5.38704E+000 5.42675E+000 5.48282E+000 5.55634E+000 5.64494E+000 5.74445E+000 5.85073E+000 5.95961E+000 6.06692E+000 6.16851E+000 6.26021E+000 6.33786E+000 6.39731E+000
 3.92699E+000 6.03408E+000 6.01192E+000 5.98116E+000 5.94303E+000 5.89877E+000 5.84960E+000 5.79675E+000 5.74144E+000 5.68492E+000 5.62841E+000 5.57313E+000 5.52032E+000 5.47121E+000 5.42702E+000 5.38899E+000 5.35835E+000 5.33631E+000 5.32416E+000 5.32328E+000 5.33510E+000 5.36105E+000 5.40257E+000 5.46108E+000 5.53759E+000 5.62954E+000 5.73259E+000 5.84235E+000 5.95446E+000 6.06456E+000 6.16826E+000 6.26119E+000 6.33900E+000 6.39731E+000
 4.12334E+000 6.03408E+000 6.01988E+000 5.99465E+000 5.95987E+000 5.91701E+000 5.86756E+000 5.81298E+000 5.75474E+000 5.69434E+000 5.63323E+000 5.57291E+000 5.51483E+000 5.46048E+000 5.41133E+000 5.36886E+000 5.33455E+000 5.30986E+000 5.29625E+000 5.29506E+000 5.30759E+000 5.33516E+000 5.37907E+000 5.44064E+000 5.52075E+000 5.61663E+000 5.72367E+000 5.83725E+000 5.95275E+000 6.06555E+000 6.17103E+000 6.26456E+000 6.34153E+000 6.39731E+000
 4.31969E+000 6.03408E+000 6.02800E+000 6.00837E+000 5.97691E+000 5.93537E+000 5.88548E+000 5.82898E+000 5.76760E+000 5.70309E+000 5.63716E+000 5.57158E+000 5.50805E+000 5.44834E+000 5.39416E+000 5.34727E+000 5.30938E+000 5.28225E+000 5.26750E+000 5.26641E+000 5.28014E+000 5.30986E+000 5.35672E+000 5.42191E+000 5.50615E+000 5.60642E+000 5.71783E+000 5.83548E+000 5.95445E+000 6.06983E+000 6.17672E+000 6.27020E+000 6.34536E+000 6.39731E+000
 4.51604E+000 6.03408E+000 6.03596E+000 6.02174E+000 5.99341E+000 5.95300E+000 5.90249E+000 5.84389E+000 5.77921E+000 5.71044E+000 5.63960E+000 5.56869E+000 5.49971E+000 5.43466E+000 5.37555E+000 5.32438E+000 5.28315E+000 5.25388E+000 5.23839E+000 5.23785E+000 5.25327E+000 5.28565E+000 5.33599E+000 5.40529E+000 5.49411E+000 5.59916E+000 5.71522E+000 5.83709E+000 5.95952E+000 6.07730E+000 6.18519E+000 6.27798E+000 6.35042E+000 6.39731E+000
 4.71239E+000 6.03408E+000 6.04342E+000 6.03418E+000 6.00863E+000 5.96904E+000 5.91769E+000 5.85683E+000 5.78874E+000 5.71570E+000 5.63996E+000 5.56380E+000 5.48950E+000 5.41931E+000 5.35551E+000 5.30038E+000 5.25617E+000 5.22517E+000 5.20939E+000 5.20990E+000 5.22751E+000 5.26306E+000 5.31734E+000 5.39119E+000 5.48495E+000 5.59507E+000 5.71599E+000 5.84213E+000 5.96795E+000 6.08787E+000 6.19634E+000 6.28777E+000 6.35662E+000 6.39731E+000
 4.90874E+000 6.03408E+000 6.05009E+000 6.04519E+000 6.02192E+000 5.98279E+000 5.93034E+000 5.86710E+000 5.79558E+000 5.71832E+000 5.63784E+000 5.55668E+000 5.47735E+000 5.40238E+000 5.33430E+000 5.27564E+000 5.22893E+000 5.19669E+000 5.18112E+000 5.18318E+000 5.20347E+000 5.24262E+000 5.30126E+000 5.38000E+000 5.47898E+000 5.59434E+000 5.72018E+000 5.85058E+000 5.97961E+000 6.10137E+000 6.20994E+000 6.29939E+000 6.36382E+000 6.39731E+000
 5.10509E+000 6.03408E+000 6.05581E+000 6.05454E+000 6.03302E+000 5.99402E+000 5.94032E+000 5.87467E+000 5.79983E+000 5.71859E+000 5.63370E+000 5.54792E+000 5.46403E+000 5.38479E+000 5.31297E+000 5.25133E+000 5.20264E+000 5.16966E+000 5.15477E+000 5.15878E+000 5.18210E+000 5.22515E+000 5.28835E+000 5.37211E+000 5.47637E+000 5.59695E+000 5.72759E+000 5.86203E+000 5.99400E+000 6.11722E+000 6.22543E+000 6.31236E+000 6.37174E+000 6.39731E+000
 5.30144E+000 6.03408E+000 6.06048E+000 6.06206E+000 6.04179E+000 6.00265E+000 5.94762E+000 5.87968E+000 5.80180E+000 5.71697E+000 5.62817E+000 5.53837E+000 5.45055E+000 5.36770E+000 5.29278E+000 5.22879E+000 5.17869E+000 5.14547E+000 5.13165E+000 5.13790E+000 5.16444E+000 5.21148E+000 5.27923E+000 5.36792E+000 5.47727E+000 5.60280E+000 5.73792E+000 5.87602E+000 6.01050E+000 6.13475E+000 6.24216E+000 6.32613E+000 6.38004E+000 6.39731E+000
 5.49779E+000 6.03408E+000 6.06399E+000 6.06760E+000 6.04808E+000 6.00859E+000 5.95227E+000 5.88228E+000 5.80179E+000 5.71395E+000 5.62191E+000 5.52884E+000 5.43790E+000 5.35223E+000 5.27500E+000 5.20937E+000 5.15848E+000 5.12551E+000 5.11308E+000 5.12175E+000 5.15153E+000 5.20245E+000 5.27454E+000 5.36783E+000 5.48184E+000 5.61181E+000 5.75086E+000 5.89207E+000 6.02851E+000 6.15328E+000 6.25946E+000 6.34014E+000 6.38839E+000 6.39731E+000
 5.69414E+000 6.03408E+000 6.06621E+000 6.07100E+000 6.05175E+000 6.01174E+000 5.95426E+000 5.88261E+000 5.80009E+000 5.70998E+000 5.61558E+000 5.52017E+000 5.42706E+000 5.33954E+000 5.26090E+000 5.19442E+000 5.14341E+000 5.11116E+000 5.10039E+000 5.11152E+000 5.14441E+000 5.19892E+000 5.27491E+000 5.37222E+000 5.49022E+000 5.62390E+000 5.76612E+000 5.90970E+000 6.04743E+000 6.17216E+000 6.27669E+000 6.35385E+000 6.39645E+000 6.39731E+000
 5.89049E+000 6.03408E+000 6.06704E+000 6.07210E+000 6.05263E+000 6.01201E+000 5.95361E+000 5.88082E+000 5.79700E+000 5.70554E+000 5.60981E+000 5.51318E+000 5.41904E+000 5.33077E+000 5.25173E+000 5.18531E+000 5.13487E+000 5.10381E+000 5.09488E+000 5.10841E+000 5.14413E+000 5.20173E+000 5.28095E+000 5.38149E+000 5.50256E+000 5.63899E+000 5.78341E+000 5.92843E+000 6.06666E+000 6.19071E+000 6.29319E+000 6.36670E+000 6.40387E+000 6.39731E+000
 6.08684E+000 6.03408E+000 6.06637E+000 6.07074E+000 6.05059E+000 6.00932E+000 5.95034E+000 5.87704E+000 5.79283E+000 5.70110E+000 5.60526E+000 5.50870E+000 5.41483E+000 5.32705E+000 5.24877E+000 5.18337E+000 5.13426E+000 5.10484E+000 5.09789E+000 5.11364E+000 5.15172E+000 5.21173E+000 5.29329E+000 5.39603E+000 5.51903E+000 5.65700E+000 5.80243E+000 5.94780E+000 6.08559E+000 6.20826E+000 6.30829E+000 6.37816E+000 6.41034E+000 6.39731E+000
 6.28319E+000 6.03408E+000 6.06407E+000 6.06675E+000 6.04547E+000 6.00358E+000 5.94445E+000 5.87143E+000 5.78787E+000 5.69713E+000 5.60257E+000 5.50755E+000 5.41543E+000 5.32954E+000 5.25327E+000 5.18996E+000 5.14296E+000 5.11564E+000 5.11072E+000 5.12839E+000 5.16822E+000 5.22976E+000 5.31257E+000 5.41623E+000 5.53976E+000 5.67783E+000 5.82287E+000 5.96733E+000 6.10360E+000 6.22414E+000 6.32135E+000 6.38766E+000 6.41551E+000 6.39731E+000
