!           u          v_1          v_2          v_3          v_4          v_5          v_6          v_7          v_8          v_9         v_10         v_11         v_12         v_13         v_14         v_15         v_16         v_17         v_18         v_19
!             -3.14159E+00 -2.80998E+00 -2.47837E+00 -2.14675E+00 -1.81514E+00 -1.48353E+00 -1.15192E+00 -8.20305E-01 -4.88692E-01 -1.57080E-01  1.74533E-01  5.06145E-01  8.37758E-01  1.16937E+00  1.50098E+00  1.83260E+00  2.16421E+00  2.49582E+00  2.82743E+00
  1.00000E-01  8.05000E-01  7.93000E-01  7.96000E-01  8.14000E-01  8.22000E-01  7.89000E-01  8.13000E-01  8.10000E-01  7.89000E-01  8.23000E-01  7.96000E-01  8.32000E-01  7.86000E-01  8.23000E-01  7.88000E-01  8.28000E-01  8.31000E-01  7.91000E-01  8.46000E-01
  2.00000E-01  7.90000E-01  7.83000E-01  7.73000E-01  7.76000E-01  7.50000E-01  8.10000E-01  7.94000E-01  7.97000E-01  8.15000E-01  7.93000E-01  7.88000E-01  7.78000E-01  8.00000E-01  8.14000E-01  7.87000E-01  8.35000E-01  7.92000E-01  7.60000E-01  7.90000E-01
  3.00000E-01  7.86000E-01  7.89000E-01  7.46000E-01  7.68000E-01  7.33000E-01  7.45000E-01  7.56000E-01  7.35000E-01  7.37000E-01  7.39000E-01  7.42000E-01  7.73000E-01  7.82000E-01  7.97000E-01  8.09000E-01  8.23000E-01  7.84000E-01  7.44000E-01  7.34000E-01
  4.00000E-01  7.08000E-01  7.17000E-01  7.69000E-01  6.99000E-01  7.20000E-01  6.99000E-01  7.40000E-01  7.37000E-01  6.72000E-01  6.99000E-01  6.58000E-01  6.90000E-01  6.91000E-01  7.25000E-01  7.75000E-01  7.98000E-01  7.78000E-01  7.71000E-01  6.86000E-01
  5.00000E-01  7.32000E-01  6.46000E-01  6.67000E-01  7.30000E-01  6.34000E-01  6.45000E-01  6.53000E-01  7.06000E-01  6.80000E-01  6.52000E-01  6.39000E-01  6.00000E-01  5.99000E-01  6.24000E-01  6.56000E-01  7.52000E-01  7.55000E-01  7.86000E-01  7.14000E-01
  6.00000E-01  7.12000E-01  6.44000E-01  5.96000E-01  6.32000E-01  6.17000E-01  5.95000E-01  5.84000E-01  6.20000E-01  6.38000E-01  5.80000E-01  5.74000E-01  5.39000E-01  5.39000E-01  5.60000E-01  5.62000E-01  5.69000E-01  6.93000E-01  7.21000E-01  6.91000E-01
  7.00000E-01  6.63000E-01  5.79000E-01  5.87000E-01  5.36000E-01  5.19000E-01  5.28000E-01  4.32000E-01  5.07000E-01  4.98000E-01  4.88000E-01  4.79000E-01  4.80000E-01  4.31000E-01  4.20000E-01  4.33000E-01  4.67000E-01  4.66000E-01  6.05000E-01  6.38000E-01
  8.00000E-01  6.53000E-01  6.28000E-01  5.16000E-01  4.47000E-01  4.16000E-01  4.40000E-01  4.64000E-01  3.23000E-01  3.33000E-01  3.50000E-01  3.66000E-01  3.10000E-01  3.27000E-01  3.17000E-01  3.14000E-01  3.07000E-01  3.03000E-01  3.94000E-01  5.00000E-01
  9.00000E-01  6.27000E-01  5.37000E-01  5.24000E-01  4.13000E-01  2.98000E-01  2.72000E-01  2.80000E-01  3.22000E-01  1.95000E-01  1.70000E-01  1.91000E-01  1.80000E-01  1.74000E-01  1.74000E-01  1.65000E-01  1.44000E-01  1.37000E-01  1.87000E-01  2.65000E-01
